[ Oct 09 2018 07:57:27 ] 43  42  39  3  16
[ Oct 09 2018 07:57:27 ] 51  34  28  37  40
[ Oct 09 2018 07:57:27 ] 51  54  31  56  18
[ Oct 09 2018 07:57:27 ] 18  16  37  12  39
[ Oct 09 2018 07:57:27 ] 48  27  9  22  32
[ Oct 09 2018 07:57:27 ] 9  28  38  20  11
[ Oct 09 2018 07:57:27 ] 43  42  39  3  16
[ Oct 09 2018 07:57:27 ] 51  34  28  37  40
[ Oct 09 2018 07:57:27 ] 51  54  31  56  18
[ Oct 09 2018 07:57:27 ] 18  16  37  12  39
[ Oct 09 2018 07:57:27 ] 48  27  9  22  32
[ Oct 09 2018 07:57:27 ] 9  28  38  20  11
[ Oct 09 2018 07:57:27 ] 43  42  39  3  16
[ Oct 09 2018 07:57:27 ] 51  34  28  37  40
[ Oct 09 2018 07:57:27 ] 51  54  31  56  18
[ Oct 09 2018 07:57:27 ] 18  16  37  12  39
[ Oct 09 2018 07:57:27 ] 48  27  9  22  32
[ Oct 09 2018 07:57:27 ] 9  28  38  20  11
[ Oct 09 2018 07:57:27 ] 43  42  39  3  16
[ Oct 09 2018 07:57:27 ] 51  34  28  37  40
[ Oct 09 2018 07:57:27 ] 51  54  31  56  18
[ Oct 09 2018 07:57:27 ] 18  16  37  12  39
[ Oct 09 2018 07:57:27 ] 48  27  9  22  32
[ Oct 09 2018 07:57:27 ] 9  28  38  20  11
[ Oct 09 2018 07:57:27 ] 43  42  39  3  16
[ Oct 09 2018 07:57:27 ] 51  34  28  37  40
[ Oct 09 2018 07:57:27 ] 51  54  31  56  18
[ Oct 09 2018 07:57:27 ] 18  16  37  12  39
[ Oct 09 2018 07:57:27 ] 48  27  9  22  32
[ Oct 09 2018 07:57:27 ] 9  28  38  20  11
[ Oct 09 2018 07:57:27 ] 43  42  39  3  16
[ Oct 09 2018 07:57:27 ] 51  34  28  37  40
[ Oct 09 2018 07:57:27 ] 51  54  31  56  18
[ Oct 09 2018 07:57:27 ] 18  16  37  12  39
[ Oct 09 2018 07:57:27 ] 48  27  9  22  32
[ Oct 09 2018 07:57:27 ] 9  28  38  20  11
[ Oct 09 2018 07:57:27 ] 43  42  39  3  16
[ Oct 09 2018 07:57:27 ] 51  34  28  37  40
[ Oct 09 2018 07:57:27 ] 51  54  31  56  18
[ Oct 09 2018 07:57:27 ] 18  16  37  12  39
[ Oct 09 2018 07:57:27 ] 48  27  9  22  32
[ Oct 09 2018 07:57:27 ] 9  28  38  20  11
[ Oct 09 2018 07:57:27 ] 43  42  39  3  16
[ Oct 09 2018 07:57:27 ] 51  34  28  37  40
[ Oct 09 2018 07:57:27 ] 51  54  31  56  18
[ Oct 09 2018 07:57:27 ] 18  16  37  12  39
[ Oct 09 2018 07:57:27 ] 48  27  9  22  32
[ Oct 09 2018 07:57:27 ] 9  28  38  20  11
[ Oct 09 2018 07:57:27 ] 43  42  39  3  16
[ Oct 09 2018 07:57:27 ] 51  34  28  37  40
[ Oct 09 2018 07:57:27 ] 51  54  31  56  18
[ Oct 09 2018 07:57:27 ] 18  16  37  12  39
[ Oct 09 2018 07:57:27 ] 48  27  9  22  32
[ Oct 09 2018 07:57:27 ] 9  28  38  20  11
[ Oct 09 2018 07:57:27 ] 43  42  39  3  16
[ Oct 09 2018 07:57:27 ] 51  34  28  37  40
[ Oct 09 2018 07:57:27 ] 51  54  31  56  18
[ Oct 09 2018 07:57:27 ] 18  16  37  12  39
[ Oct 09 2018 07:57:27 ] 48  27  9  22  32
[ Oct 09 2018 07:57:27 ] 9  28  38  20  11
[ Oct 09 2018 07:57:27 ] 43  42  39  3  16
[ Oct 09 2018 07:57:27 ] 51  34  28  37  40
[ Oct 09 2018 07:57:27 ] 51  54  31  56  18
[ Oct 09 2018 07:57:27 ] 43  42  39  3  16
[ Oct 09 2018 07:57:27 ] 18  16  37  12  39
[ Oct 09 2018 07:57:27 ] 48  27  9  22  32
[ Oct 09 2018 07:57:27 ] 9  28  38  20  11
[ Oct 09 2018 07:57:27 ] 43  42  39  3  16
[ Oct 09 2018 07:57:27 ] 51  34  28  37  40
[ Oct 09 2018 07:57:27 ] 51  54  31  56  18
[ Oct 09 2018 07:57:27 ] 18  16  37  12  39
[ Oct 09 2018 07:57:27 ] 43  42  39  3  16
[ Oct 09 2018 07:57:27 ] 51  34  28  37  40
[ Oct 09 2018 07:57:27 ] 51  54  31  56  18
[ Oct 09 2018 07:57:27 ] 18  16  37  12  39
[ Oct 09 2018 07:57:27 ] 48  27  9  22  32
[ Oct 09 2018 07:57:27 ] 9  28  38  20  11
[ Oct 09 2018 07:57:27 ] 43  42  39  3  16
[ Oct 09 2018 07:57:27 ] 51  34  28  37  40
[ Oct 09 2018 07:57:27 ] 51  54  31  56  18
[ Oct 09 2018 07:57:27 ] 18  16  37  12  39
[ Oct 09 2018 07:57:27 ] 48  27  9  22  32
[ Oct 09 2018 07:57:27 ] 9  28  38  20  11
[ Oct 09 2018 07:57:27 ] 43  42  39  3  16
[ Oct 09 2018 07:57:27 ] 51  34  28  37  40
[ Oct 09 2018 07:57:27 ] 51  54  31  56  18
[ Oct 09 2018 07:57:27 ] 18  16  37  12  39
[ Oct 09 2018 07:57:27 ] 48  27  9  22  32
[ Oct 09 2018 07:57:27 ] 9  28  38  20  11
[ Oct 09 2018 07:57:27 ] 43  42  39  3  16
[ Oct 09 2018 07:57:27 ] 51  34  28  37  40
[ Oct 09 2018 07:57:27 ] 51  54  31  56  18
[ Oct 09 2018 07:57:27 ] 18  16  37  12  39
[ Oct 09 2018 07:57:27 ] 48  27  9  22  32
[ Oct 09 2018 07:57:27 ] 9  28  38  20  11
[ Oct 09 2018 07:57:27 ] 43  42  39  3  16
[ Oct 09 2018 07:57:27 ] 51  34  28  37  40
[ Oct 09 2018 07:57:27 ] 51  54  31  56  18
[ Oct 09 2018 07:57:27 ] 18  16  37  12  39
[ Oct 09 2018 07:57:27 ] 48  27  9  22  32
[ Oct 09 2018 07:57:27 ] 9  28  38  20  11
[ Oct 09 2018 07:57:27 ] 43  42  39  3  16
[ Oct 09 2018 07:57:27 ] 51  34  28  37  40
[ Oct 09 2018 07:57:27 ] 51  54  31  56  18
[ Oct 09 2018 07:57:27 ] 18  16  37  12  39
[ Oct 09 2018 07:57:27 ] 48  27  9  22  32
[ Oct 09 2018 07:57:27 ] 9  28  38  20  11
[ Oct 09 2018 07:57:27 ] 43  42  39  3  16
[ Oct 09 2018 07:57:27 ] 51  34  28  37  40
[ Oct 09 2018 07:57:27 ] 51  54  31  56  18
[ Oct 09 2018 07:57:27 ] 18  16  37  12  39
[ Oct 09 2018 07:57:27 ] 48  27  9  22  32
[ Oct 09 2018 07:57:27 ] 9  28  38  20  11
[ Oct 09 2018 07:57:27 ] 43  42  39  3  16
[ Oct 09 2018 07:57:27 ] 51  34  28  37  40
[ Oct 09 2018 07:57:27 ] 51  54  31  56  18
[ Oct 09 2018 07:57:27 ] 18  16  37  12  39
[ Oct 09 2018 07:57:27 ] 48  27  9  22  32
[ Oct 09 2018 07:57:27 ] 9  28  38  20  11
[ Oct 09 2018 07:57:27 ] 43  42  39  3  16
[ Oct 09 2018 07:57:27 ] 51  34  28  37  40
[ Oct 09 2018 07:57:27 ] 51  54  31  56  18
[ Oct 09 2018 07:57:27 ] 18  16  37  12  39
[ Oct 09 2018 07:57:27 ] 48  27  9  22  32
[ Oct 09 2018 07:57:27 ] 9  28  38  20  11
[ Oct 09 2018 07:57:27 ] 43  42  39  3  16
[ Oct 09 2018 07:57:27 ] 51  34  28  37  40
[ Oct 09 2018 07:57:27 ] 51  54  31  56  18
[ Oct 09 2018 07:57:27 ] 18  16  37  12  39
[ Oct 09 2018 07:57:27 ] 48  27  9  22  32
[ Oct 09 2018 07:57:27 ] 9  28  38  20  11
[ Oct 09 2018 07:57:27 ] 43  42  39  3  16
[ Oct 09 2018 07:57:27 ] 51  34  28  37  40
[ Oct 09 2018 07:57:27 ] 51  54  31  56  18
[ Oct 09 2018 07:57:27 ] 43  42  39  3  16
[ Oct 09 2018 07:57:27 ] 18  16  37  12  39
[ Oct 09 2018 07:57:27 ] 48  27  9  22  32
[ Oct 09 2018 07:57:27 ] 9  28  38  20  11
[ Oct 09 2018 07:57:27 ] 43  42  39  3  16
[ Oct 09 2018 07:57:27 ] 51  34  28  37  40
[ Oct 09 2018 07:57:27 ] 51  54  31  56  18
[ Oct 09 2018 07:57:27 ] 18  16  37  12  39
[ Oct 09 2018 07:57:27 ] 43  42  39  3  16
[ Oct 09 2018 07:57:27 ] 51  34  28  37  40
[ Oct 09 2018 07:57:27 ] 51  54  31  56  18
[ Oct 09 2018 07:57:27 ] 18  16  37  12  39
[ Oct 09 2018 07:57:27 ] 48  27  9  22  32
[ Oct 09 2018 07:57:27 ] 9  28  38  20  11
[ Oct 09 2018 07:57:27 ] 43  42  39  3  16
[ Oct 09 2018 07:57:27 ] 51  34  28  37  40
[ Oct 09 2018 07:57:27 ] 51  54  31  56  18
[ Oct 09 2018 07:57:27 ] 18  16  37  12  39
[ Oct 09 2018 07:57:27 ] 48  27  9  22  32
[ Oct 09 2018 07:57:27 ] 9  28  38  20  11
[ Oct 09 2018 07:57:27 ] 43  42  39  3  16
[ Oct 09 2018 07:57:27 ] 51  34  28  37  40
[ Oct 09 2018 07:57:27 ] 51  54  31  56  18
[ Oct 09 2018 07:57:27 ] 18  16  37  12  39
[ Oct 09 2018 07:57:27 ] 48  27  9  22  32
[ Oct 09 2018 07:57:27 ] 9  28  38  20  11
[ Oct 09 2018 07:57:27 ] 43  42  39  3  16
[ Oct 09 2018 07:57:27 ] 51  34  28  37  40
[ Oct 09 2018 07:57:27 ] 51  54  31  56  18
[ Oct 09 2018 07:57:27 ] 18  16  37  12  39
[ Oct 09 2018 07:57:27 ] 48  27  9  22  32
[ Oct 09 2018 07:57:27 ] 9  28  38  20  11
[ Oct 09 2018 07:57:27 ] 43  42  39  3  16
[ Oct 09 2018 07:57:27 ] 51  34  28  37  40
[ Oct 09 2018 07:57:27 ] 51  54  31  56  18
[ Oct 09 2018 07:57:27 ] 18  16  37  12  39
[ Oct 09 2018 07:57:27 ] 48  27  9  22  32
[ Oct 09 2018 07:57:27 ] 9  28  38  20  11
[ Oct 09 2018 07:57:27 ] 43  42  39  3  16
[ Oct 09 2018 07:57:27 ] 51  34  28  37  40
[ Oct 09 2018 07:57:27 ] 51  54  31  56  18
[ Oct 09 2018 07:57:27 ] 18  16  37  12  39
[ Oct 09 2018 07:57:27 ] 48  27  9  22  32
[ Oct 09 2018 07:57:27 ] 9  28  38  20  11
[ Oct 09 2018 07:57:27 ] 43  42  39  3  16
[ Oct 09 2018 07:57:27 ] 51  34  28  37  40
[ Oct 09 2018 07:57:27 ] 51  54  31  56  18
[ Oct 09 2018 07:57:27 ] 18  16  37  12  39
[ Oct 09 2018 07:57:27 ] 48  27  9  22  32
[ Oct 09 2018 07:57:27 ] 9  28  38  20  11
[ Oct 09 2018 07:57:27 ] 43  42  39  3  16
[ Oct 09 2018 07:57:27 ] 51  34  28  37  40
[ Oct 09 2018 07:57:27 ] 51  54  31  56  18
[ Oct 09 2018 07:57:27 ] 18  16  37  12  39
[ Oct 09 2018 07:57:27 ] 48  27  9  22  32
[ Oct 09 2018 07:57:27 ] 43  42  39  3  16
[ Oct 09 2018 07:57:27 ] 51  34  28  37  40
[ Oct 09 2018 07:57:27 ] 51  54  31  56  18
[ Oct 09 2018 07:57:27 ] 18  16  37  12  39
[ Oct 09 2018 07:57:27 ] 48  27  9  22  32
[ Oct 09 2018 07:57:27 ] 9  28  38  20  11
[ Oct 09 2018 07:57:27 ] 43  42  39  3  16
[ Oct 09 2018 07:57:27 ] 51  34  28  37  40
[ Oct 09 2018 07:57:27 ] 51  54  31  56  18
[ Oct 09 2018 07:57:27 ] 18  16  37  12  39
[ Oct 09 2018 07:57:27 ] 48  27  9  22  32
[ Oct 09 2018 07:57:27 ] 9  28  38  20  11
[ Oct 09 2018 07:57:27 ] 43  42  39  3  16
[ Oct 09 2018 07:57:27 ] 51  34  28  37  40
[ Oct 09 2018 07:57:27 ] 51  54  31  56  18
[ Oct 09 2018 07:57:27 ] 43  42  39  3  16
[ Oct 09 2018 07:57:27 ] 18  16  37  12  39
[ Oct 09 2018 07:57:27 ] 48  27  9  22  32
[ Oct 09 2018 07:57:27 ] 9  28  38  20  11
[ Oct 09 2018 07:57:27 ] 43  42  39  3  16
[ Oct 09 2018 07:57:27 ] 51  34  28  37  40
[ Oct 09 2018 07:57:27 ] 51  54  31  56  18
[ Oct 09 2018 07:57:27 ] 18  16  37  12  39
[ Oct 09 2018 07:57:27 ] 48  27  9  22  32
[ Oct 09 2018 07:57:27 ] 9  28  38  20  11
[ Oct 09 2018 07:57:27 ] 51  34  28  37  40
[ Oct 09 2018 07:57:27 ] 51  54  31  56  18
[ Oct 09 2018 07:57:27 ] 18  16  37  12  39
[ Oct 09 2018 07:57:27 ] 48  27  9  22  32
[ Oct 09 2018 07:57:27 ] 9  28  38  20  11
[ Oct 09 2018 07:58:42 ] 23  3  21  52  20
[ Oct 09 2018 07:58:42 ] 22  49  19  54  48
[ Oct 09 2018 07:58:42 ] 54  31  14  39  46
[ Oct 09 2018 07:58:42 ] 40  9  41  10  15
[ Oct 09 2018 07:58:42 ] 20  7  29  58  31
[ Oct 09 2018 07:58:42 ] 15  7  22  8  17
[ Oct 09 2018 07:59:49 ] 6  22  1  40  53
[ Oct 09 2018 07:59:49 ] 55  40  52  51  58
[ Oct 09 2018 07:59:49 ] 51  36  30  48  54
[ Oct 09 2018 07:59:49 ] 38  20  36  14  3
[ Oct 09 2018 07:59:49 ] 35  39  48  55  52
[ Oct 09 2018 07:59:49 ] 18  42  46  19  33
[ Oct 09 2018 08:03:33 ] 33  35  39  1  50
[ Oct 09 2018 08:03:33 ] 18  15  23  21  26
[ Oct 09 2018 08:03:33 ] 35  55  44  54  34
[ Oct 09 2018 08:03:33 ] 20  6  46  15  42
[ Oct 09 2018 08:03:33 ] 30  1  13  5  24
[ Oct 09 2018 08:03:33 ] 24  25  10  50  34
[ Oct 09 2018 14:04:05 ] 31  3  57  4  37
[ Oct 09 2018 14:04:05 ] 19  48  47  11  8
[ Oct 09 2018 14:04:05 ] 44  41  31  57  5
[ Oct 09 2018 14:04:05 ] 29  47  16  6  35
[ Oct 09 2018 14:04:05 ] 56  24  46  4  8
[ Oct 09 2018 14:04:05 ] 17  52  37  41  27
[ Oct 09 2018 14:04:25 ] 18  5  28  58  34
[ Oct 09 2018 14:04:25 ] 30  32  48  4  14
[ Oct 09 2018 14:04:25 ] 9  8  29  55  21
[ Oct 09 2018 14:04:25 ] 3  47  44  19  24
[ Oct 09 2018 14:04:25 ] 22  53  54  36  46
[ Oct 09 2018 14:04:25 ] 51  11  48  2  37
[ Oct 09 2018 14:15:52 ] 42  38  26  40  8
[ Oct 09 2018 14:15:52 ] 13  49  31  24  30
[ Oct 09 2018 14:15:52 ] 12  46  50  31  23
[ Oct 09 2018 14:15:52 ] 31  4  24  8  23
[ Oct 09 2018 14:15:52 ] 5  30  43  9  28
[ Oct 09 2018 14:15:52 ] 58  38  31  39  20
[ Oct 09 2018 14:16:21 ] 23  38  34  35  56
[ Oct 09 2018 14:16:21 ] 38  39  45  31  21
[ Oct 09 2018 14:16:21 ] 24  13  56  5  23
[ Oct 09 2018 14:16:21 ] 35  13  9  50  46
[ Oct 09 2018 14:16:21 ] 27  18  28  14  20
[ Oct 09 2018 14:16:21 ] 23  39  20  57  35
[ Oct 09 2018 14:16:27 ] 29  42  15  24  39
[ Oct 09 2018 14:16:27 ] 2  44  34  14  27
[ Oct 09 2018 14:16:27 ] 5  21  37  43  57
[ Oct 09 2018 14:16:27 ] 51  41  10  26  25
[ Oct 09 2018 14:16:27 ] 43  29  46  38  37
[ Oct 09 2018 14:16:27 ] 4  20  43  10  14
[ Oct 09 2018 14:16:33 ] 41  51  50  36  37
[ Oct 09 2018 14:16:33 ] 2  19  22  37  13
[ Oct 09 2018 14:16:33 ] 46  37  2  34  44
[ Oct 09 2018 14:16:33 ] 24  42  5  7  3
[ Oct 09 2018 14:16:33 ] 27  52  6  34  49
[ Oct 09 2018 14:16:33 ] 6  2  52  14  29
[ Oct 09 2018 14:19:45 ] 56  20  21  38  9
[ Oct 09 2018 14:19:45 ] 39  31  46  2  58
[ Oct 09 2018 14:19:45 ] 2  29  19  38  11
[ Oct 09 2018 14:19:45 ] 5  41  48  11  22
[ Oct 09 2018 14:19:45 ] 45  19  55  9  30
[ Oct 09 2018 14:19:45 ] 32  56  40  13  16
[ Oct 09 2018 14:19:50 ] 7  37  58  33  55
[ Oct 09 2018 14:19:50 ] 42  48  49  58  28
[ Oct 09 2018 14:19:50 ] 32  56  21  20  49
[ Oct 09 2018 14:19:50 ] 23  13  52  29  18
[ Oct 09 2018 14:19:50 ] 35  22  47  3  56
[ Oct 09 2018 14:19:50 ] 45  33  48  15  4
[ Oct 09 2018 14:20:35 ] 22  16  5  34  1
[ Oct 09 2018 14:20:35 ] 42  22  11  20  36
[ Oct 09 2018 14:20:35 ] 44  49  20  11  7
[ Oct 09 2018 14:20:35 ] 24  18  22  40  20
[ Oct 09 2018 14:20:35 ] 43  13  32  31  3
[ Oct 09 2018 14:20:35 ] 55  38  7  6  20
[ Oct 09 2018 15:00:47 ] 30  18  38  24  5
[ Oct 09 2018 15:02:51 ] 54  9  27  46  58
[ Oct 09 2018 15:03:03 ] 23  32  40  28  33
[ Oct 09 2018 15:03:50 ] 43  14  26  38  5
[ Oct 09 2018 15:03:50 ] 39  41  4  13  38
[ Oct 09 2018 15:03:50 ] 22  26  51  50  55
[ Oct 09 2018 15:04:12 ] 35  54  17  40  26
[ Oct 09 2018 15:04:12 ] 9  7  4  8  51
[ Oct 09 2018 15:04:13 ] 27  30  14  5  8
[ Oct 09 2018 15:04:13 ] 35  58  50  21  48
[ Oct 09 2018 15:04:13 ] 33  9  45  12  48
[ Oct 09 2018 15:04:14 ] 34  8  55  15  4
[ Oct 09 2018 15:04:14 ] 49  26  37  21  32
[ Oct 09 2018 15:04:14 ] 27  45  43  37  13
[ Oct 09 2018 15:04:14 ] 56  43  25  22  16
[ Oct 09 2018 15:04:15 ] 3  55  17  54  26
[ Oct 09 2018 15:04:15 ] 19  8  27  48  52
[ Oct 09 2018 15:04:15 ] 53  34  50  13  24
[ Oct 09 2018 15:04:23 ] 58  20  54  22  37
[ Oct 09 2018 15:04:23 ] 48  21  6  9  50
[ Oct 09 2018 15:04:24 ] 23  32  48  54  6
[ Oct 09 2018 15:04:24 ] 48  22  3  21  45
[ Oct 09 2018 15:04:24 ] 30  13  11  29  34
[ Oct 09 2018 15:04:24 ] 9  56  5  43  1
[ Oct 09 2018 15:06:44 ] 14  28  56  17  50
[ Oct 09 2018 15:06:44 ] 38  44  16  46  32
[ Oct 09 2018 15:06:44 ] 11  43  37  38  31
[ Oct 09 2018 15:06:44 ] 46  36  16  40  3
[ Oct 09 2018 15:07:20 ] 25  2  32  39  51
[ Oct 09 2018 15:08:11 ] 23  15  56  1  40
[ Oct 09 2018 15:08:57 ] 22  42  52  38  18
[ Oct 09 2018 15:09:24 ] 5  38  1  27  49
[ Oct 09 2018 15:09:45 ] 56  48  49  53  38
[ Oct 09 2018 15:10:54 ] 17  50  36  7  38
[ Oct 09 2018 15:11:06 ] 38  47  20  34  28
[ Oct 09 2018 15:11:18 ] 3  30  32  31  15
[ Oct 09 2018 15:11:18 ] 26  46  50  18  6
[ Oct 09 2018 15:11:20 ] 22  11  5  26  40
[ Oct 09 2018 15:11:37 ] 21  33  5  20  18
[ Oct 09 2018 15:11:38 ] 1  5  49  38  9
[ Oct 09 2018 15:11:38 ] 46  23  6  19  33
[ Oct 09 2018 15:11:38 ] 57  29  24  51  22
[ Oct 09 2018 15:11:39 ] 11  48  43  35  6
[ Oct 09 2018 15:12:26 ] 36  18  40  38  53
[ Oct 09 2018 15:12:27 ] 30  17  15  23  2
[ Oct 09 2018 15:12:27 ] 45  22  54  41  5
[ Oct 09 2018 15:12:27 ] 17  3  51  25  24
[ Oct 09 2018 15:12:28 ] 58  1  46  31  43
[ Oct 09 2018 15:12:28 ] 39  53  9  5  23
[ Oct 09 2018 15:12:28 ] 48  13  41  18  32
[ Oct 09 2018 15:12:28 ] 23  7  15  49  5
[ Oct 09 2018 15:12:28 ] 40  4  11  29  39
[ Oct 09 2018 15:12:33 ] 57  43  46  15  54
[ Oct 09 2018 15:12:34 ] 37  39  41  55  29
[ Oct 09 2018 15:12:34 ] 18  22  36  37  28
[ Oct 09 2018 15:15:49 ] 32  37  50  3  13
[ Oct 09 2018 15:15:50 ] 18  14  2  32  56
[ Oct 09 2018 15:17:09 ] 39  20  7  47  28
[ Oct 09 2018 15:17:09 ] 33  15  30  6  29
[ Oct 09 2018 15:17:18 ] 57  27  33  2  19  3
[ Oct 09 2018 15:17:19 ] 34  24  53  22  39  5
[ Oct 09 2018 15:17:19 ] 36  41  54  11  17  27
[ Oct 09 2018 15:17:20 ] 29  18  33  15  55  20
[ Oct 09 2018 15:17:20 ] 46  50  22  18  1  38
[ Oct 09 2018 15:17:20 ] 6  24  52  46  16  36
[ Oct 09 2018 15:17:20 ] 4  6  12  14  48  58
[ Oct 09 2018 15:17:20 ] 2  57  49  42  38  40
[ Oct 09 2018 15:17:20 ] 9  8  37  23  35  55
[ Oct 09 2018 15:17:21 ] 7  25  46  32  11  34
[ Oct 09 2018 15:17:21 ] 39  45  8  52  1  43
[ Oct 09 2018 15:17:21 ] 40  19  13  55  7  31
[ Oct 09 2018 15:17:21 ] 37  5  24  49  21  3
[ Oct 09 2018 15:17:21 ] 6  50  58  29  24  55
[ Oct 09 2018 15:17:22 ] 17  19  40  5  23  20
[ Oct 09 2018 15:17:22 ] 52  15  42  47  51  6
[ Oct 09 2018 15:17:22 ] 4  21  32  8  3  6
[ Oct 09 2018 15:26:50 ] 53  5  35  14  47  32
[ Oct 09 2018 15:26:50 ] 14  46  35  26  24  6
[ Oct 09 2018 15:26:50 ] 34  53  46  55  57  15
[ Oct 09 2018 15:26:51 ] 57  46  27  5  37  29
[ Oct 09 2018 15:26:51 ] 26  5  50  9  52  54
[ Oct 09 2018 15:26:51 ] 38  53  2  7  37  34
[ Oct 09 2018 15:26:51 ] 11  13  41  27  20  9
[ Oct 09 2018 15:26:51 ] 33  58  8  1  11  38
[ Oct 09 2018 15:26:51 ] 41  20  2  12  8  6
[ Oct 09 2018 15:26:52 ] 39  40  47  19  5  32
[ Oct 09 2018 17:17:48 ] 37  56  46  41  49  8
[ Oct 09 2018 17:17:48 ] 56  28  54  43  23  17
[ Oct 09 2018 17:17:48 ] 24  18  38  10  1  8
[ Oct 09 2018 17:17:48 ] 9  38  4  14  8  30
[ Oct 09 2018 17:17:48 ] 52  3  25  13  1  31
[ Oct 09 2018 17:17:49 ] 25  38  46  28  27  53
[ Oct 09 2018 17:17:49 ] 13  39  23  19  9  48
[ Oct 09 2018 17:17:49 ] 43  14  21  54  49  23
[ Oct 09 2018 17:17:49 ] 26  35  56  12  16  5
[ Oct 09 2018 17:17:49 ] 27  56  28  20  15  32
[ Oct 09 2018 17:17:50 ] 33  31  53  58  44  23
[ Oct 09 2018 17:17:50 ] 29  5  2  44  17  32
[ Oct 09 2018 17:17:50 ] 48  3  19  9  22  33
[ Oct 09 2018 17:17:50 ] 23  49  44  55  45  39
[ Oct 09 2018 17:17:55 ] 16  48  24  54  42  14
[ Oct 09 2018 17:17:55 ] 11  58  35  26  45  29
[ Oct 09 2018 17:17:57 ] 58  32  46  19  42  3
[ Oct 09 2018 17:17:57 ] 42  48  51  12  21  30
[ Oct 09 2018 17:17:58 ] 3  38  33  25  6  29
[ Oct 09 2018 17:17:58 ] 16  46  25  13  22  1
[ Oct 09 2018 17:17:58 ] 40  31  47  14  55  42
[ Oct 09 2018 17:17:58 ] 44  51  11  23  28  19
[ Oct 09 2018 17:17:58 ] 47  53  36  35  2  17
[ Oct 09 2018 17:17:58 ] 4  2  39  9  57  32
[ Oct 09 2018 17:17:59 ] 43  27  1  58  32  24
[ Oct 09 2018 17:17:59 ] 4  52  36  56  40  50
[ Oct 09 2018 17:18:01 ] 13  40  55  1  46  42
[ Oct 09 2018 17:18:01 ] 19  11  52  58  49  12
[ Oct 09 2018 17:18:01 ] 10  8  11  32  3  12
[ Oct 09 2018 17:18:01 ] 30  53  47  34  42  45
[ Oct 09 2018 17:18:02 ] 36  3  16  38  12  46
[ Oct 09 2018 17:18:02 ] 23  34  24  39  55  28
[ Oct 09 2018 17:18:02 ] 24  46  47  33  48  2
[ Oct 09 2018 17:18:02 ] 31  32  17  12  18  37
[ Oct 09 2018 17:18:02 ] 47  38  48  4  45  23
[ Oct 09 2018 17:18:03 ] 17  23  41  30  1  31
[ Oct 09 2018 17:18:05 ] 52  13  17  15  57  24
[ Oct 09 2018 17:18:05 ] 30  56  23  40  3  13
[ Oct 09 2018 17:18:06 ] 3  44  47  15  1  58
[ Oct 09 2018 17:18:06 ] 31  52  9  29  21  43
[ Oct 09 2018 17:18:06 ] 4  9  21  6  39  32
[ Oct 09 2018 17:18:06 ] 41  30  56  28  22  10
[ Oct 09 2018 17:18:06 ] 13  51  43  44  36  7
[ Oct 09 2018 17:18:07 ] 39  14  55  41  31  1
[ Oct 09 2018 17:18:07 ] 18  8  57  33  43  22
[ Oct 09 2018 17:18:07 ] 32  22  50  13  54  35
[ Oct 09 2018 17:18:07 ] 58  21  36  6  17  57
[ Oct 09 2018 17:18:07 ] 5  23  26  19  22  49
[ Oct 09 2018 17:18:07 ] 29  25  49  28  16  57
[ Oct 09 2018 17:18:08 ] 39  43  40  18  17  29
[ Oct 09 2018 17:18:08 ] 28  50  2  48  53  17
[ Oct 09 2018 17:18:08 ] 24  16  23  49  31  21
[ Oct 09 2018 17:18:08 ] 12  15  34  58  24  42
[ Oct 09 2018 17:18:08 ] 22  19  42  11  17  10
[ Oct 09 2018 21:54:37 ] 50  37  32  1  36  53
[ Oct 09 2018 21:54:37 ] 7  29  37  34  41  54
[ Oct 09 2018 21:54:37 ] 12  17  53  49  44  7
[ Oct 09 2018 21:54:37 ] 1  21  44  19  28  14
[ Oct 09 2018 21:54:38 ] 57  35  33  48  2  18
[ Oct 09 2018 21:54:38 ] 45  30  40  56  1  46
[ Oct 09 2018 21:54:38 ] 22  50  10  51  54  58
[ Oct 09 2018 21:54:38 ] 12  43  34  27  2  55
[ Oct 09 2018 21:54:38 ] 47  46  38  25  39  49
[ Oct 09 2018 21:54:38 ] 12  52  3  42  39  58
[ Oct 09 2018 21:54:39 ] 38  58  6  33  35  5
[ Oct 09 2018 21:54:39 ] 37  11  57  49  40  47
[ Oct 09 2018 21:54:39 ] 13  51  45  39  8  34
[ Oct 09 2018 21:54:39 ] 2  26  36  17  1  37
[ Oct 09 2018 21:54:39 ] 28  5  19  11  26  17
[ Oct 09 2018 21:54:51 ] 51  45  11  38  12  29
[ Oct 09 2018 21:54:51 ] 30  34  2  12  37  50
[ Oct 09 2018 21:54:51 ] 33  17  20  38  47  11
[ Oct 09 2018 21:54:52 ] 31  13  12  34  42  9
[ Oct 09 2018 21:54:52 ] 26  47  32  58  8  41
[ Oct 09 2018 21:54:52 ] 27  4  17  8  26  50
[ Oct 09 2018 21:54:52 ] 10  20  46  22  45  37
[ Oct 09 2018 21:54:52 ] 48  21  53  15  52  47
[ Oct 09 2018 21:54:52 ] 39  10  4  13  51  12
[ Oct 09 2018 21:54:52 ] 1  17  19  22  28  48
[ Oct 09 2018 21:54:53 ] 2  47  48  6  7  39
[ Oct 09 2018 21:54:53 ] 57  13  37  52  40  21
[ Oct 09 2018 21:54:53 ] 16  22  49  36  28  46
[ Oct 09 2018 21:54:53 ] 51  2  39  37  31  40
[ Oct 09 2018 21:54:53 ] 1  9  23  45  13  41
[ Oct 09 2018 21:54:53 ] 18  21  47  39  30  54
[ Oct 09 2018 21:54:54 ] 52  4  53  1  22  51
[ Oct 09 2018 21:54:54 ] 21  4  18  44  27  8
[ Oct 09 2018 21:54:54 ] 55  53  46  2  15  37
[ Oct 09 2018 21:54:54 ] 37  20  46  2  58  24
[ Oct 09 2018 21:54:54 ] 41  43  56  58  8  37
[ Oct 09 2018 21:54:54 ] 47  5  40  29  43  41
[ Oct 09 2018 21:54:55 ] 30  6  22  10  37  11
[ Oct 09 2018 21:54:58 ] 16  12  25  39  11  44
[ Oct 09 2018 21:54:59 ] 50  37  16  54  58  41
[ Oct 09 2018 21:54:59 ] 28  53  24  12  1  35
[ Oct 09 2018 21:54:59 ] 12  3  16  36  54  19
[ Oct 09 2018 21:54:59 ] 25  36  18  16  47  9
[ Oct 09 2018 21:54:59 ] 58  21  22  25  43  4
[ Oct 09 2018 21:54:59 ] 50  53  58  19  44  10
[ Oct 09 2018 21:54:59 ] 24  34  35  1  32  47
[ Oct 09 2018 21:55:00 ] 26  50  7  18  29  15
[ Oct 09 2018 21:55:00 ] 22  44  14  54  15  11
[ Oct 09 2018 21:55:00 ] 23  12  57  11  4  26
[ Oct 09 2018 21:55:00 ] 14  31  42  6  4  18
[ Oct 09 2018 21:55:00 ] 16  4  36  50  2  21
[ Oct 09 2018 21:55:00 ] 18  25  16  49  13  10
[ Oct 09 2018 21:55:01 ] 12  10  33  22  11  31
[ Oct 09 2018 21:55:01 ] 48  55  16  12  46  8
[ Oct 09 2018 21:55:01 ] 6  34  27  8  18  36
[ Oct 09 2018 21:55:01 ] 33  5  41  37  46  15
[ Oct 09 2018 21:55:01 ] 38  7  23  30  20  36
[ Oct 09 2018 21:55:01 ] 11  37  31  4  50  10
[ Oct 09 2018 21:55:02 ] 52  23  42  32  53  24
[ Oct 09 2018 21:55:02 ] 22  15  33  30  52  29
[ Oct 09 2018 21:55:02 ] 51  20  30  24  16  14
[ Oct 09 2018 21:55:02 ] 2  6  41  53  42  5
[ Oct 09 2018 21:58:59 ] 5  9  57  41  58  42
[ Oct 09 2018 21:58:59 ] 38  14  1  27  41  53
[ Oct 09 2018 21:58:59 ] 57  40  54  58  38  41
[ Oct 09 2018 21:59:00 ] 25  14  40  17  11  48
[ Oct 09 2018 21:59:00 ] 15  28  29  41  4  47
[ Oct 09 2018 21:59:00 ] 40  32  21  26  34  28
[ Oct 09 2018 21:59:00 ] 34  48  58  52  41  13
[ Oct 09 2018 21:59:00 ] 53  54  15  41  39  18
[ Oct 09 2018 21:59:00 ] 29  35  5  7  40  44
[ Oct 09 2018 21:59:00 ] 38  41  28  45  11  36
[ Oct 09 2018 21:59:01 ] 45  25  8  26  23  51
[ Oct 09 2018 21:59:01 ] 23  6  42  39  58  45
[ Oct 09 2018 21:59:06 ] 52  33  1  24  45  23
[ Oct 09 2018 21:59:06 ] 46  37  7  43  25  1
[ Oct 09 2018 21:59:06 ] 55  44  10  47  9  30
[ Oct 09 2018 21:59:06 ] 6  57  46  13  22  10
[ Oct 09 2018 22:02:09 ] 55  57  47  20  26  58
